# fisrt time
[image]

width
1920

height
1080

[narrow_stereo]

camera matrix
1494.693324 0.000000 868.629927
0.000000 1491.484021 587.618338
0.000000 0.000000 1.000000

distortion
-0.389281 0.165237 0.000859 0.001327 0.000000

rectification
1.000000 0.000000 0.000000
0.000000 1.000000 0.000000
0.000000 0.000000 1.000000

projection
1230.759644 0.000000 839.961551 0.000000
0.000000 1407.169800 593.836043 0.000000
0.000000 0.000000 1.000000 0.000000

# second time

[image]

width
1920

height
1080

[narrow_stereo]

camera matrix
1488.260925 0.000000 897.280668
0.000000 1483.149469 562.868650
0.000000 0.000000 1.000000

distortion
-0.376579 0.140585 0.000403 0.000340 0.000000

rectification
1.000000 0.000000 0.000000
0.000000 1.000000 0.000000
0.000000 0.000000 1.000000

projection
1219.915894 0.000000 871.746040 0.000000
0.000000 1403.582642 565.833500 0.000000
0.000000 0.000000 1.000000 0.000000

